[gd_scene load_steps=9 format=3 uid="uid://lnm3irjcragt"]

[ext_resource type="PackedScene" uid="uid://71emmhb7enbq" path="res://common/player/player.tscn" id="1_05pjd"]
[ext_resource type="Environment" uid="uid://balpc0jgt0tas" path="res://common/world/environment.tres" id="1_f2jlc"]
[ext_resource type="PackedScene" path="res://common/world/ground/ground.tscn" id="2_hs8xv"]
[ext_resource type="PackedScene" uid="uid://cygv0m43n3g65" path="res://addons/quaternius simple nature pack/static bodies/bush_1.tscn" id="4_rkpk8"]
[ext_resource type="PackedScene" uid="uid://djb0yl6e0llhd" path="res://addons/quaternius simple nature pack/static bodies/rock_2.tscn" id="5_e1218"]
[ext_resource type="PackedScene" uid="uid://kopcbpjf5sbn" path="res://addons/quaternius simple nature pack/static bodies/rock_3.tscn" id="6_sj00m"]
[ext_resource type="PackedScene" uid="uid://t54m5opl3nv2" path="res://addons/quaternius simple nature pack/static bodies/tree_1.tscn" id="7_23v03"]
[ext_resource type="PackedScene" uid="uid://b6g8yc62f2j5s" path="res://addons/quaternius simple nature pack/static bodies/grass_3.tscn" id="8_n2l4h"]

[node name="World" type="Node3D"]

[node name="WorldEnvironment" type="WorldEnvironment" parent="."]
environment = ExtResource("1_f2jlc")

[node name="DirectionalLight3D" type="DirectionalLight3D" parent="."]
transform = Transform3D(0.876508, -0.340332, 0.340451, 0, 0.70723, 0.706983, -0.481387, -0.619677, 0.619893, 0, 0, 0)
shadow_enabled = true

[node name="Ground" parent="." instance=ExtResource("2_hs8xv")]

[node name="Objects" type="Node3D" parent="."]

[node name="Bush1" parent="Objects" instance=ExtResource("4_rkpk8")]
transform = Transform3D(1, 0, 0, 0, 1, 0, 0, 0, 1, 3.52812, 4.76837e-07, -3.05797)

[node name="Player" parent="." instance=ExtResource("1_05pjd")]
transform = Transform3D(1, 0, 0, 0, 1, 0, 0, 0, 1, 0, 1.5, 1.5)

[node name="Rock2" parent="." instance=ExtResource("5_e1218")]
transform = Transform3D(1, 0, 0, 0, 1, 0, 0, 0, 1, 4.61896, -0.369492, -2.24967)

[node name="Rock3" parent="." instance=ExtResource("6_sj00m")]
transform = Transform3D(0.893238, -0.113326, 0.435067, 7.45058e-09, 0.967709, 0.252069, -0.449584, -0.225158, 0.864395, 5.36413, -0.903189, -2.7393)

[node name="Tree1" parent="." instance=ExtResource("7_23v03")]
transform = Transform3D(-0.965085, 0, -0.261936, 0, 1, 0, 0.261936, 0, -0.965085, 6.92775, 0, -2.22738)

[node name="Grass3" parent="." instance=ExtResource("8_n2l4h")]
transform = Transform3D(2.285, 0, 0, 0, 2.285, 0, 0, 0, 2.285, 3.32319, -1.78814e-07, -1.93584)
collision_layer = 0
collision_mask = 0
